% -------------------------------------------------------------------
%  Generated by MATLAB on 1-Aug-2018 22:56:37
%  MATLAB version: 9.4.0.813654 (R2018a)
% -------------------------------------------------------------------
                                    

CONVERTER_DATA = ...
  [0 137.4652089938063 2.2319999999999998;
   0.1 137.06501915685197 2.075;
   0.2 135.86444964598905 1.975;
   0.30000000000000004 135.66435472751189 1.8459999999999999;
   0.4 137.56525645304487 1.72;
   0.5 140.36658531172509 1.564;
   0.60000000000000009 145.26891081441539 1.409;
   0.70000000000000007 152.87251771654735 1.254;
   0.8 162.97731109964374 1.0959999999999999;
   0.81 164.2779280697452 1.08;
   0.82000000000000006 166.17882979527823 1.061;
   0.83000000000000007 167.97968406157264 1.043;
   0.84 170.08068070558275 1.028;
   0.85 172.78196210502438 1.012;
   0.86 175.38319604522741 1.002;
   0.87 179.58518933324765 1.002;
   0.88 183.58708770279083 1.001;
   0.89 189.89007763482121 0.998;
   0.9 197.69377945543027 0.99900000000000011;
   0.92 215.90241703685155 1.001;
   0.94 244.51599037908485 1.002];

DOWN_TABLE = ...
  [0 5 20 35;
   0 5 20 35;
   0 5 17.0 40 ;
   0 5 30 50;
   0 30 50 80;
   0 30 50 80];

DOWN_TH_BP = [0; 5; 40; 50; 90; 100];

EMAP = ...
  [-40 -44 -49 -53 -57 -61 -65 -70 -74 -78 -82;
   215 117 85 66 44 29 10 -2 -13 -22 -32;
   245 208 178 148 122 104 85 66 48 33 18;
   264 260 241 219 193 167 152 133 119 96 85;
   264 279 282 275 260 238 223 208 189 171 152;
   267 290 293 297 290 275 260 256 234 212 193;
   267 297 305 305 305 301 293 282 267 249 226;
   267 301 308 312 319 323 319 316 297 279 253;
   267 301 312 319 327 327 327 327 312 293 267;
   267 301 312 319 327 334 334 334 319 305 275];

Iei = 0.021991488283555904;

NE_VEC = [799.99999999999989 1200 1599.9999999999998 1999.9999999999998 ...
          2400 2800.0000000000005 3199.9999999999995 3599.9999999999995 ...
          3999.9999999999995 4400 4800];

TH_VEC = [0; 20; 30; 40; 50; 60; 70; 80; 90; 100];

TWAIT = 2;

UP_TABLE = ...
  [12 30 50 1.0E+6;
   10 30 50 1.0E+6;
   15 30 50 1.0E+6;
   23 41 60 1.0E+6;
   40 70 100 1.0E+6;
   40 70 100 1.0E+6];

UP_TH_BP = [0; 25; 35; 50; 90; 100];

VEHICLE_DATA = [3.23; 40; 0.02; 1; 12.094147857312473; 0];

